0 0.1259765625 0.6022135416666666 0.017578125 0.05859375
0 0.20263671875 0.35546875 0.0263671875 0.0625
0 0.36181640625 0.47916666666666663 0.0380859375 0.0390625
0 0.39990234375 0.478515625 0.0244140625 0.04036458333333333
0 0.43359375 0.5403645833333333 0.029296875 0.04427083333333333
0 0.57470703125 0.4759114583333333 0.0341796875 0.04296875
0 0.65673828125 0.5755208333333333 0.0302734375 0.06510416666666666
0 0.6845703125 0.6321614583333333 0.017578125 0.06640625
0 0.77099609375 0.609375 0.0263671875 0.046875
0 0.87548828125 0.73828125 0.0400390625 0.09375
0 0.91552734375 0.36393229166666663 0.0576171875 0.061197916666666664
0 0.70751953125 0.326171875 0.0244140625 0.045572916666666664
0 0.4306640625 0.34765625 0.02734375 0.078125
